a b c h
0.0 0.0 1.0 0.0
0.0 0.03775033293785955 0.9622496670621404 0.08
0.005020100502512563 0.036840599310541594 0.9581393001869458 0.08
0.010040201005025126 0.03656865334412021 0.9533911456508547 0.08
0.011155639718368648 0.03514070351758794 0.9537036567640435 0.08
0.01506030150753769 0.032831672039641296 0.952108026452821 0.08
0.01919007706406497 0.03012060301507538 0.9506893199208597 0.08
0.020080402010050253 0.029441482067504535 0.9504781159224452 0.08
0.023101374219056982 0.03012060301507538 0.9467780227658676 0.08
0.025100502512562815 0.030624152350120126 0.944275345137317 0.08
0.026974710839182525 0.03012060301507538 0.9429046861457421 0.08
0.02695282984419612 0.025100502512562815 0.9479466676432411 0.08
0.03012060301507538 0.020338159170253733 0.9495412378146709 0.08
0.030668322746908522 0.020080402010050253 0.9492512752430412 0.08
0.03514070351758794 0.018521181140534602 0.9463381153418775 0.08
0.040160804020100506 0.015422191397064706 0.9444170045828348 0.08
0.04512531642378908 0.020080402010050253 0.9347942815661607 0.08
0.04518090452261307 0.02011241434446441 0.9347066811329225 0.08
0.045230332637623875 0.020080402010050253 0.9346892653523259 0.08
0.05020100502512563 0.015602587267783104 0.9341964077070913 0.08
0.051623740136723245 0.01506030150753769 0.9333159583557391 0.08
0.055221105527638197 0.01281335263230014 0.9319655418400618 0.08
0.05975845586813033 0.010040201005025126 0.9302013431268445 0.08
0.06024120603015076 0.009701643975572332 0.9300571499942769 0.08
0.062220547624776676 0.005020100502512563 0.9327593518727108 0.08
0.06144859719955492 0.0 0.9385514028004451 0.08
0.0 0.09084790321636203 0.909152096783638 0.16
0.005020100502512563 0.09210867107660584 0.9028712284208816 0.16
0.005675159620230475 0.09036180904522614 0.9039630313345434 0.16
0.00746428755716896 0.08534170854271357 0.9071940039001174 0.16
0.00940815454499237 0.080321608040201 0.9102702374148066 0.16
0.010040201005025125 0.07876274042757121 0.9111970585674036 0.16
0.011268621056012005 0.08032160804020101 0.9084097709037869 0.16
0.01506030150753769 0.084058144507556 0.9008815539849063 0.16
0.020080402010050253 0.08038635279699025 0.8995332451929595 0.16
0.020289691673591997 0.08032160804020101 0.899388700286207 0.16
0.025100502512562815 0.07795221101391327 0.896947286473524 0.16
0.03012060301507538 0.07610689383844799 0.8937725031464767 0.16
0.03067504896412998 0.07530150753768845 0.8940234434981815 0.16
0.03426663116620956 0.07028140703517588 0.8954519617986145 0.16
0.03514070351758794 0.0691700724123914 0.8956892240700207 0.16
0.040160804020100506 0.06676061025249928 0.8930785857274003 0.16
0.04518090452261307 0.06841629898494737 0.8864027964924396 0.16
0.04870269602006948 0.06526130653266332 0.8860359974472671 0.16
0.05020100502512563 0.06308374457070302 0.8867152504041714 0.16
0.05522110552763819 0.06123122606528954 0.8835476684070723 0.16
0.056401274741868394 0.06024120603015076 0.8833575192279808 0.16
0.06024120603015076 0.0562015849416212 0.8835572090282281 0.16
0.0613957353643427 0.055221105527638197 0.8833831591080191 0.16
0.06526130653266332 0.05297521438998359 0.8817634790773532 0.16
0.07028140703517588 0.053265927245229966 0.8764526657195942 0.16
0.075104752135003 0.050201005025125624 0.8746942428398714 0.16
0.07530150753768845 0.04901896694480269 0.8756795255175088 0.16
0.08032160804020103 0.046183106312795395 0.8734952856470035 0.16
0.08358206793057184 0.04518090452261307 0.8712370275468151 0.16
0.08513333103015105 0.040160804020100506 0.8747058649497484 0.16
0.08534170854271356 0.04007322444121508 0.8745850670160714 0.16
0.08664800957721264 0.040160804020100506 0.8731911864026869 0.16
0.09036180904522614 0.04035494024558647 0.8692832507091873 0.16
0.0953819095477387 0.040485561148564414 0.8641325293036969 0.16
0.09584507477599266 0.040160804020100506 0.8639941212039068 0.16
0.10040201005025126 0.03542482401602621 0.8641731659337225 0.16
0.10113685484924137 0.03514070351758794 0.8637224416331707 0.16
0.10040201005025126 0.03381476290618436 0.8657832270435644 0.16
0.09899569663080005 0.03012060301507538 0.8708837003541245 0.16
0.10040201005025126 0.029031672821677665 0.8705663171280711 0.16
0.10542211055276385 0.027665135014813998 0.8669127544324221 0.16
0.1071487272783132 0.025100502512562815 0.8677507702091241 0.16
0.11002040547900005 0.020080402010050256 0.8698991925109497 0.16
0.11044221105527639 0.01979184591051393 0.8697659430342096 0.16
0.11118699181848458 0.020080402010050253 0.8687326061714652 0.16
0.11500441005995349 0.025100502512562815 0.8598950874274838 0.16
0.11546231155778895 0.0252345116074235 0.8593031768347875 0.16
0.11583203478091608 0.025100502512562815 0.8590674627065211 0.16
0.11729980075434224 0.020080402010050253 0.8626197972356076 0.16
0.12048241206030152 0.017488449225208383 0.86202913871449 0.16
0.12550251256281408 0.017441670302646282 0.8570558171345396 0.16
0.1286296896380921 0.01506030150753769 0.8563100088543703 0.16
0.1274795311693196 0.010040201005025126 0.8624802678256553 0.16
0.12899196277269603 0.005020100502512563 0.8659879367247914 0.16
0.13052261306532664 0.0013948361479692608 0.868082550786704 0.16
0.13290876588694545 0.005020100502512563 0.862071133610542 0.16
0.1355427135678392 0.006648019283492505 0.8578092671486683 0.16
0.14056281407035176 0.006856623962569782 0.8525805619670784 0.16
0.14444034191424882 0.005020100502512563 0.8505395575832386 0.16
0.14056281407035176 0.0023122399146557177 0.8571249460149926 0.16
0.13705687348998277 0.0 0.8629431265100173 0.16
0.0 0.13611956907837955 0.8638804309216205 0.24
0.005020100502512563 0.13844981027657816 0.8565300892209093 0.24
0.010040201005025126 0.13771634979124942 0.8522434492037254 0.24
0.01506030150753769 0.13716315422937328 0.847776544263089 0.24
0.017742803811265934 0.1355427135678392 0.8467144826208949 0.24
0.019170891564167916 0.13052261306532664 0.8503064953705054 0.24
0.019687315993014366 0.12550251256281408 0.8548101714441716 0.24
0.019664257737735658 0.12048241206030152 0.8598533302019629 0.24
0.020080402010050253 0.1198065994243635 0.8601129985655862 0.24
0.022712967461927424 0.12048241206030152 0.8568046204777711 0.24
0.0235151318830203 0.12550251256281408 0.8509823555541656 0.24
0.025100502512562815 0.12669219274710197 0.8482073047403352 0.24
0.03012060301507538 0.12694874534411166 0.842930651640813 0.24
0.03103472103684911 0.12550251256281408 0.8434627664003368 0.24
0.0327331620397881 0.12048241206030152 0.8467844258999103 0.24
0.03241240614178167 0.11546231155778895 0.8521252823004294 0.24
0.03514070351758794 0.11323631974141435 0.8516229767409977 0.24
0.04016080402010051 0.11149319092508728 0.8483460050548123 0.24
0.04518090452261307 0.11096655826528648 0.8438525372121005 0.24
0.047081364793601435 0.11044221105527639 0.8424764241511221 0.24
0.04961918663661639 0.10542211055276385 0.8449587028106198 0.24
0.05020100502512563 0.10523433360294288 0.8445646613719315 0.24
0.055221105527638197 0.1052626951536183 0.8395161993187436 0.24
0.05681034425479571 0.10542211055276383 0.8377675451924405 0.24
0.06024120603015076 0.10587264840181358 0.8338861455680358 0.24
0.06526130653266332 0.10771028909179674 0.82702840437554 0.24
0.06794882204945295 0.10542211055276383 0.8266290673977832 0.24
0.07028140703517588 0.10196660296028921 0.8277519900045349 0.24
0.07385784659220897 0.10040201005025126 0.8257401433575398 0.24
0.07530150753768845 0.09989572140268776 0.8248027710596237 0.24
0.07720293195319103 0.0953819095477387 0.8274151584990702 0.24
0.08032160804020101 0.0917743763005064 0.8279040156592925 0.24
0.08482443833163295 0.0953819095477387 0.8197936521206283 0.24
0.08534170854271357 0.09570759210538382 0.8189506993519026 0.24
0.08708911698475102 0.0953819095477387 0.8175289734675103 0.24
0.0878997418538825 0.09036180904522614 0.8217384491008913 0.24
0.09036180904522614 0.08723290897002076 0.822405281984753 0.24
0.09248944205600655 0.08534170854271357 0.8221688494012799 0.24
0.0953819095477387 0.08391614622741528 0.820701944224846 0.24
0.09903287947925404 0.08534170854271357 0.8156254119780323 0.24
0.10040201005025126 0.0857939532112153 0.8138040367385334 0.24
0.10202131241493963 0.08534170854271357 0.8126369790423468 0.24
0.10542211055276383 0.08256724929658292 0.8120106401506533 0.24
0.10732579433391207 0.08032160804020101 0.8123525976258869 0.24
0.11044221105527639 0.07875079577419981 0.8108069931705237 0.24
0.11529141180540102 0.07530150753768845 0.8094070806569105 0.24
0.11546231155778894 0.07498799625001604 0.809549692192195 0.24
0.11775933529021805 0.07028140703517588 0.811959257674606 0.24
0.11927469636569532 0.06526130653266332 0.8154639971016413 0.24
0.12048241206030152 0.06498854161622049 0.814529046323478 0.24
0.12550251256281408 0.06254118954365356 0.8119562978935324 0.24
0.12988894717706134 0.06526130653266332 0.8048497462902753 0.24
0.13052261306532664 0.06576564364143642 0.8037117432932369 0.24
0.13097539905517436 0.06526130653266332 0.8037632944121624 0.24
0.1355427135678392 0.062051139492799445 0.8024061469393613 0.24
0.14056281407035176 0.060696187200273324 0.7987409987293749 0.24
0.1412871931768429 0.06024120603015076 0.7984716007930064 0.24
0.14558291457286435 0.05644712904310378 0.7979699563840319 0.24
0.14683234362080438 0.055221105527638197 0.7979465508515575 0.24
0.14810482252618945 0.05020100502512563 0.801694172448685 0.24
0.1506030150753769 0.047598129056200256 0.8017988558684228 0.24
0.15562311557788946 0.04903770803159504 0.7953391763905155 0.24
0.15812644532629155 0.04518090452261307 0.7966926501510954 0.24
0.16064321608040202 0.043372567930868716 0.7959842159887293 0.24
0.16566331658291458 0.040256066823562316 0.7940806165935231 0.24
0.16644798049822399 0.04016080402010051 0.7933912154816756 0.24
0.17068341708542714 0.037084946005816556 0.7922316369087563 0.24
0.17139953309185546 0.03514070351758794 0.7934597633905567 0.24
0.1757035175879397 0.030974815813733635 0.7933216665983267 0.24
0.17628514189790953 0.03012060301507538 0.7935942550870151 0.24
0.17679024450379482 0.025100502512562815 0.7981092529836424 0.24
0.1807236180904523 0.02261170847357817 0.7966646734359695 0.24
0.18413354247839364 0.025100502512562815 0.7907659550090436 0.24
0.18430728208438202 0.03012060301507538 0.7855721149005426 0.24
0.18574371859296485 0.032254184205288985 0.7820020972017461 0.24
0.18975106382185097 0.03012060301507538 0.7801283331630737 0.24
0.1871529199421727 0.025100502512562815 0.7877465775452646 0.24
0.1907638190954774 0.021705474421113192 0.7875307064834094 0.24
0.1924678148892882 0.020080402010050253 0.7874517831006616 0.24
0.19578391959798996 0.017578712563132304 0.7866373678388777 0.24
0.19827117174686315 0.01506030150753769 0.7866685267455992 0.24
0.20080402010050252 0.013102227877731756 0.7860937520217657 0.24
0.20582412060301508 0.012914546046888416 0.7812613333500964 0.24
0.20871484828856796 0.01506030150753769 0.7762248502038944 0.24
0.21084422110552767 0.01576559040875163 0.7733901884857207 0.24
0.2116248799712127 0.01506030150753769 0.7733148185212496 0.24
0.21466545827802497 0.010040201005025126 0.7752943407169499 0.24
0.21586432160804023 0.009101265256467074 0.7750344131354927 0.24
0.22088442211055279 0.006532758867361774 0.7725828190220854 0.24
0.22264253094251785 0.005020100502512563 0.7723373685549696 0.24
0.22460613286728803 0.0 0.775393867132712 0.24
0.10542211055276383 0.05928384467623109 0.8352940447710051 0.24
0.10746127035225603 0.06024120603015076 0.8322975236175931 0.24
0.10676391696889373 0.06526130653266332 0.8279747764984429 0.24
0.10542211055276383 0.0660841942190594 0.8284936952281767 0.24
0.10469207632345885 0.06526130653266332 0.8300466171438778 0.24
0.10421082537762844 0.06024120603015076 0.8355479685922209 0.24
0.10542211055276383 0.05928384467623109 0.8352940447710051 0.24
0.3040987292788594 0.0 0.6959012707211406 0.32
0.30622613065326637 0.00198218940950613 0.6917916799372276 0.32
0.31124623115577893 0.0006132397053249148 0.6881405291388962 0.32
0.3112519083231281 0.0 0.6887480916768719 0.32
0.0 0.18714197611496455 0.8128580238850355 0.32
0.003776826078320305 0.1907638190954774 0.8054593548262023 0.32
0.005020100502512563 0.19275629877128958 0.8022236007261978 0.32
0.008289770509909955 0.1907638190954774 0.8009464103946127 0.32
0.010040201005025126 0.1888057504397413 0.8011540485552335 0.32
0.012770989307691136 0.18574371859296485 0.801485292099344 0.32
0.01506030150753769 0.18475501401281005 0.8001846844796523 0.32
0.020053450499793287 0.1807236180904523 0.7992229314097545 0.32
0.020080402010050253 0.18068676439125977 0.79923283359869 0.32
0.024186377853083512 0.1757035175879397 0.8001101045589768 0.32
0.025100502512562815 0.17517845204377058 0.7997210454436666 0.32
0.02625428505901022 0.1757035175879397 0.7980421973530502 0.32
0.03012060301507538 0.1785168109537899 0.7913625860311347 0.32
0.032021074468710296 0.1757035175879397 0.79227540794335 0.32
0.0324312461637139 0.17068341708542714 0.7968853367508589 0.32
0.03514070351758794 0.16802004164888729 0.7968392548335248 0.32
0.040160804020100506 0.16904275234510452 0.790796443634795 0.32
0.04518090452261307 0.16718391379858996 0.787635181678797 0.32
0.04636481711129156 0.16566331658291458 0.7879718663057939 0.32
0.05020100502512563 0.16357700133710906 0.7862219936377653 0.32
0.0551678074498274 0.16064321608040202 0.7841889764697706 0.32
0.055221105527638197 0.16053583998765564 0.7842430544847062 0.32
0.06024120603015076 0.15642613878493278 0.7833326551849165 0.32
0.06138138587375628 0.15562311557788946 0.7829954985483543 0.32
0.060241206030150755 0.15068954398408066 0.7890692499857687 0.32
0.06022709139448345 0.1506030150753769 0.7891698935301397 0.32
0.06024120603015076 0.1505917638958616 0.7891670300739877 0.32
0.06526130653266332 0.1497014266296649 0.7850372668376718 0.32
0.0673765457081329 0.1506030150753769 0.7820204392164902 0.32
0.07028140703517588 0.15332199531031684 0.7763965976545073 0.32
0.07193132061470768 0.1506030150753769 0.7774656643099155 0.32
0.07389983553461693 0.14558291457286435 0.7805172498925187 0.32
0.07530150753768845 0.14211210355879436 0.7825863889035172 0.32
0.08032160804020101 0.14398920035552984 0.7756891916042691 0.32
0.08444242993831975 0.14056281407035176 0.7749947559913285 0.32
0.08534170854271356 0.1388724458800938 0.7757858455771927 0.32
0.08855733698926342 0.14056281407035176 0.7708798489403849 0.32
0.09036180904522614 0.14087938217798407 0.7687588087767898 0.32
0.09149052545159914 0.14056281407035176 0.767946660478049 0.32
0.09360329245873364 0.1355427135678392 0.7708539939734271 0.32
0.0953819095477387 0.13387538288956072 0.7707427075627006 0.32
0.10040201005025126 0.13332911115232401 0.7662688787974247 0.32
0.10542211055276383 0.13348150040915538 0.7610963890380807 0.32
0.10938316317953428 0.13052261306532664 0.760094223755139 0.32
0.10702696473286516 0.12550251256281408 0.7674705227043207 0.32
0.11044221105527639 0.12290114205988212 0.7666566468848415 0.32
0.11546231155778894 0.12247961135656707 0.762058077085644 0.32
0.12048241206030152 0.12097869634335873 0.7585388915963398 0.32
0.12550251256281408 0.1217807738224935 0.7527167136146924 0.32
0.126409006666306 0.12048241206030152 0.7531085812733925 0.32
0.12907288603072908 0.11546231155778897 0.755464802411482 0.32
0.13052261306532664 0.11422123158118354 0.7552561553534898 0.32
0.1343202966210538 0.11044221105527638 0.7552374923236698 0.32
0.1355427135678392 0.10607427197246203 0.7583830144596988 0.32
0.14056281407035176 0.10707292750514086 0.7523642584245074 0.32
0.14558291457286435 0.10578218254886626 0.7486349028782694 0.32
0.14626238712926357 0.10542211055276382 0.7483155023179726 0.32
0.1506030150753769 0.1027163945074776 0.7466805904171455 0.32
0.1523213477670012 0.10040201005025126 0.7472766421827475 0.32
0.15387264193198325 0.0953819095477387 0.750745448520278 0.32
0.15562311557788946 0.09316047661323212 0.7512164078088784 0.32
0.1582490976886018 0.0953819095477387 0.7463689927636595 0.32
0.16064321608040202 0.09775591932459082 0.7416008645950072 0.32
0.1619460978513498 0.0953819095477387 0.7426719926009114 0.32
0.16566331658291458 0.09158807062713184 0.7427486127899536 0.32
0.17068341708542714 0.09150808028749058 0.7378085026270823 0.32
0.17152368146698369 0.09036180904522614 0.7381145094877901 0.32
0.1757035175879397 0.0859250472194928 0.7383714351925675 0.32
0.1763649628858543 0.08534170854271357 0.738293328571432 0.32
0.1807236180904523 0.08242244444849359 0.7368539374610541 0.32
0.18574371859296485 0.08160640788014455 0.7326498735268906 0.32
0.188260994562824 0.080321608040201 0.7314173973969751 0.32
0.1907638190954774 0.07843686609375036 0.7307993148107722 0.32
0.19519909998565999 0.07530150753768847 0.7294993924766515 0.32
0.19578391959798996 0.07312692648677972 0.7310891539152302 0.32
0.19885088992284383 0.07028140703517588 0.7308677030419803 0.32
0.2008040201005025 0.06974411643706133 0.7294518634624362 0.32
0.20564178596332144 0.06526130653266332 0.7290969075040152 0.32
0.20582412060301508 0.06508080633481693 0.7290950730621679 0.32
0.21084422110552764 0.06324391731991029 0.725911861574562 0.32
0.21586432160804023 0.06057591880338722 0.7235597595885725 0.32
0.2163476833311441 0.06024120603015076 0.7234111106387051 0.32
0.21673587068142008 0.055221105527638197 0.7280430237909418 0.32
0.22088442211055279 0.054077676917699984 0.7250379009717473 0.32
0.2247080436588705 0.05020100502512563 0.7250909513160039 0.32
0.22590452261306537 0.04790315689929187 0.7261923204876427 0.32
0.2309246231155779 0.04573949592003218 0.7233358809643899 0.32
0.2313783161405843 0.04518090452261307 0.7234407793368027 0.32
0.23430960686466024 0.040160804020100506 0.7255295891152393 0.32
0.23594472361809046 0.037834548653023686 0.7262207277288858 0.32
0.24096482412060305 0.03828563723304032 0.7207495386463566 0.32
0.24371815640280295 0.040160804020100506 0.7161210395770966 0.32
0.2459849246231156 0.04402211388208875 0.7099929614947956 0.32
0.25100502512562817 0.040351366956288645 0.7086436079180832 0.32
0.2517824176071745 0.04016080402010051 0.708056778372725 0.32
0.25100502512562817 0.038425591398371636 0.7105693834760002 0.32
0.25041469478969747 0.03514070351758794 0.7144446016927146 0.32
0.25100502512562817 0.03396953971917703 0.7150254351551948 0.32
0.25556749933301054 0.030120603015075385 0.714311897651914 0.32
0.2560251256281407 0.029935301972640573 0.7140395723992187 0.32
0.2610452261306533 0.028088403964630415 0.7108663699047163 0.32
0.26606532663316584 0.02643056137815894 0.7075041119886752 0.32
0.26721101630046884 0.025100502512562815 0.7076884811869684 0.32
0.27065668528640574 0.020080402010050253 0.709262912703544 0.32
0.27108542713567846 0.019929868412228012 0.7089847044520936 0.32
0.2713304310999435 0.020080402010050253 0.7085891668900063 0.32
0.27610552763819096 0.02392422166666641 0.6999702506951426 0.32
0.27880169795320453 0.020080402010050256 0.7011179000367452 0.32
0.2811256281407035 0.017416651768580715 0.7014577200907157 0.32
0.2852899571783531 0.01506030150753769 0.6996497413141092 0.32
0.2861457286432161 0.014281983860675283 0.6995722874961087 0.32
0.2888456501000234 0.010040201005025126 0.7011141488949515 0.32
0.29116582914572875 0.008205803095400699 0.7006283677588705 0.32
0.29618592964824125 0.009199318506283147 0.6946147518454756 0.32
0.3012060301507538 0.00612521798586509 0.6926687518633812 0.32
0.3029941781884875 0.005020100502512563 0.6919857213089999 0.32
0.3012060301507538 0.00309193327217167 0.6957020365770745 0.32
0.29888074583243196 0.0 0.701119254167568 0.32
0.1807236180904523 0.07395531037666501 0.7453210715328826 0.32
0.18343119659178225 0.07530150753768845 0.7412672958705292 0.32
0.1807236180904523 0.0781106675627799 0.7411657143467678 0.32
0.17913072766097102 0.07530150753768845 0.7455677648013405 0.32
0.1807236180904523 0.07395531037666501 0.7453210715328826 0.32
0.03012060301507538 0.15966919033375465 0.81021020665117 0.32
0.030750409618366736 0.16064321608040202 0.8086063743012313 0.32
0.032099268266422246 0.16566331658291458 0.8022374151506632 0.32
0.03012060301507538 0.1676863865169425 0.8021930104679822 0.32
0.02850267008982645 0.16566331658291458 0.805834013327259 0.32
0.029295692049054998 0.16064321608040202 0.810061091870543 0.32
0.03012060301507538 0.15966919033375465 0.81021020665117 0.32
0.0 0.24078458470911746 0.7592154152908825 0.4
0.005020100502512562 0.24065231969840706 0.7543275797990804 0.4
0.010040201005025126 0.23742095260892812 0.7525388463860467 0.4
0.013310952575596948 0.23594472361809046 0.7507443238063125 0.4
0.015060301507537689 0.2352835941474849 0.7496561043449774 0.4
0.020080402010050253 0.232701130825472 0.7472184671644777 0.4
0.023970703038991008 0.23092462311557788 0.7451046738454312 0.4
0.024223019753538404 0.22590452261306534 0.7498724576333963 0.4
0.025100502512562815 0.2251765125771712 0.749722984910266 0.4
0.027746408719285246 0.22590452261306534 0.7463490686676494 0.4
0.03012060301507538 0.2305845818327755 0.7392948151521491 0.4
0.03169948344904145 0.22590452261306534 0.7423959939378931 0.4
0.03340922495106591 0.22088442211055276 0.7457063529383814 0.4
0.03514070351758794 0.21957583658627736 0.7452834598961348 0.4
0.03825118423989103 0.22088442211055279 0.7408643936495561 0.4
0.040160804020100506 0.2221820177654717 0.7376571782144279 0.4
0.043260019016881826 0.2208844221105528 0.7358555588725654 0.4
0.04351272762330479 0.21586432160804023 0.7406229507686549 0.4
0.04518090452261307 0.21345039968329654 0.7413686957940904 0.4
0.04689638276384027 0.21084422110552767 0.7422593961306321 0.4
0.05020100502512563 0.2063773222619297 0.7434216727129447 0.4
0.05403598580347979 0.21084422110552767 0.7351197930909925 0.4
0.055221105527638197 0.21232702588416386 0.732451868588198 0.4
0.0573053176599696 0.21084422110552767 0.7318504612345027 0.4
0.06024120603015076 0.20817099789827326 0.731587796071576 0.4
0.06526130653266332 0.20670935116992264 0.7280293422974141 0.4
0.06707563066368996 0.20582412060301508 0.7271002487332949 0.4
0.07028140703517588 0.202388241080568 0.7273303518842562 0.4
0.07530150753768845 0.20296477269196156 0.72173371977035 0.4
0.07803194080953037 0.20080402010050252 0.7211640390899672 0.4
0.07742390668694214 0.19578391959798996 0.726792173715068 0.4
0.08019713377212717 0.1907638190954774 0.7290390471323953 0.4
0.08032160804020103 0.19052580734819358 0.7291525846116054 0.4
0.08534170854271358 0.18864265671997416 0.7260156347373122 0.4
0.09036180904522614 0.18658578011730376 0.7230524108374701 0.4
0.09138065995527521 0.18574371859296485 0.72287562145176 0.4
0.0953819095477387 0.18330638724640114 0.7213117032058601 0.4
0.0992003889781732 0.18574371859296485 0.7150558924288619 0.4
0.10040201005025126 0.18735518255287828 0.7122428073968704 0.4
0.1025357220300305 0.18574371859296485 0.7117205593770046 0.4
0.10542211055276382 0.18385729029879838 0.7107205991484378 0.4
0.10946877564600058 0.1807236180904523 0.7098076062635472 0.4
0.11044221105527638 0.1797728829366731 0.7097849060080506 0.4
0.11546231155778895 0.1760896505762406 0.7084480378659704 0.4
0.11576292645416005 0.1757035175879397 0.7085335559579002 0.4
0.12046084940881459 0.17068341708542714 0.7088557335057583 0.4
0.11869075853264499 0.16566331658291458 0.7156459248844405 0.4
0.12048241206030152 0.16431472480047565 0.7152028631392229 0.4
0.1231591337627816 0.16566331658291458 0.7111775496543038 0.4
0.12550251256281408 0.16861578328481583 0.7058817041523701 0.4
0.12990323018136063 0.16566331658291455 0.7044334532357248 0.4
0.13052261306532664 0.16106067910467417 0.7084167078299992 0.4
0.1306002854814657 0.16064321608040202 0.7087564984381323 0.4
0.1355427135678392 0.1588923241099772 0.7055649623221836 0.4
0.13815112993174317 0.15562311557788946 0.7062257544903674 0.4
0.14056281407035176 0.15385127456345365 0.7055859113661946 0.4
0.14558291457286435 0.15452567532959363 0.6998914100975421 0.4
0.1506030150753769 0.15137009865928752 0.6980268862653356 0.4
0.1508300960186105 0.1506030150753769 0.6985668889060126 0.4
0.1531634325485331 0.14558291457286435 0.7012536528786025 0.4
0.15562311557788946 0.1431557718918306 0.70122111253028 0.4
0.16064321608040202 0.14352934278407659 0.6958274411355214 0.4
0.16566331658291458 0.14292597644224767 0.6914107069748378 0.4
0.17068341708542714 0.141753983005488 0.6875625999090849 0.4
0.1724919694525202 0.14056281407035176 0.686945216477128 0.4
0.17503193455001123 0.1355427135678392 0.6894253518821496 0.4
0.1757035175879397 0.13482949712526865 0.6894669852867916 0.4
0.1802163391590116 0.13052261306532664 0.6892610477756618 0.4
0.1807236180904523 0.1300359892455683 0.6892403926639794 0.4
0.18574371859296485 0.12643877554598984 0.6878175058610453 0.4
0.18986378411059743 0.13052261306532664 0.6796136028240759 0.4
0.1907638190954774 0.1309117470461824 0.6783244338583402 0.4
0.19158131593210698 0.13052261306532664 0.6778960710025664 0.4
0.19578391959798996 0.1267492716270851 0.6774668087749249 0.4
0.1966545569058346 0.12550251256281408 0.6778429305313513 0.4
0.19709060708975623 0.12048241206030152 0.6824269808499422 0.4
0.19853678879876593 0.11546231155778895 0.6860008996434451 0.4
0.20080402010050252 0.11150239493512955 0.6876935849643678 0.4
0.20582412060301508 0.11464312493125091 0.6795327544657339 0.4
0.21084422110552767 0.11275953471416941 0.6763962441803029 0.4
0.21182380904852327 0.11044221105527639 0.6777339798962003 0.4
0.21384754372740666 0.10542211055276383 0.6807303457198295 0.4
0.21586432160804023 0.10272168527321845 0.6814139931187413 0.4
0.22044419451803354 0.10542211055276383 0.6741336949292026 0.4
0.22088442211055279 0.10591434830481761 0.6732012295846296 0.4
0.22590452261306534 0.10629457060130947 0.6678009067856252 0.4
0.2264340502154522 0.10542211055276383 0.6681438392317839 0.4
0.2309246231155779 0.10106898568648144 0.6680063911979406 0.4
0.23132603626651516 0.10040201005025126 0.6682719536832336 0.4
0.2359447236180905 0.09681432997683012 0.6672409464050794 0.4
0.2376757013703149 0.0953819095477387 0.6669423890819464 0.4
0.24096482412060305 0.09227750211663313 0.6667576737627638 0.4
0.2459849246231156 0.09192495079850951 0.6620901245783749 0.4
0.2491076370672699 0.09036180904522614 0.6605305538875039 0.4
0.25100502512562817 0.08614335412033457 0.6628516207540373 0.4
0.2560251256281407 0.08820299994286047 0.6557718744289988 0.4
0.260667162099557 0.08534170854271357 0.6539911293577294 0.4
0.2610452261306533 0.08503640081414765 0.6539183730551991 0.4
0.2636491111121199 0.08032160804020101 0.656029280847679 0.4
0.26606532663316584 0.07824789297544131 0.6556867803913928 0.4
0.269166367050457 0.07530150753768845 0.6555321254118546 0.4
0.2710854271356784 0.07430844862349263 0.654606124240829 0.4
0.27495094610831816 0.07530150753768845 0.6497475463539933 0.4
0.27610552763819096 0.07633527272507913 0.6475591996367299 0.4
0.27646993627148075 0.07530150753768845 0.6482285561908308 0.4
0.27977637322312493 0.07028140703517588 0.6499422197416993 0.4
0.2811256281407035 0.06989760770378832 0.6489767641555082 0.4
0.28356389767852974 0.06526130653266332 0.651174795788807 0.4
0.2861457286432161 0.06076408700799002 0.653090184348794 0.4
0.2865277202787356 0.06024120603015076 0.6532310736911138 0.4
0.2911658291457287 0.057328591461767525 0.6515055793925039 0.4
0.2961859296482412 0.05917846331730304 0.6446356070344558 0.4
0.3012060301507538 0.05619215115114491 0.6426018186981013 0.4
0.3049764389967854 0.055221105527638197 0.6398024554755765 0.4
0.3062261306532663 0.054671683542453366 0.6391021858042804 0.4
0.31050546038662885 0.05020100502512563 0.6392935345882456 0.4
0.31124623115577893 0.04949874428022916 0.639255024563992 0.4
0.3162663316582915 0.049936143223704425 0.6337975251180041 0.4
0.3212864321608041 0.048391062673478605 0.6303225051657173 0.4
0.3263065326633166 0.04558673637333171 0.6281067309633518 0.4
0.3268054635542194 0.04518090452261307 0.6280136319231675 0.4
0.3293439180558566 0.040160804020100506 0.6304952779240429 0.4
0.33132663316582917 0.03772193255400253 0.6309514342801683 0.4
0.33634673366834167 0.03850396807780566 0.6251492982538527 0.4
0.3413668341708543 0.03567027063474587 0.6229628951944 0.4
0.3421462584935657 0.03514070351758794 0.6227130379888464 0.4
0.34638693467336684 0.031156977871215356 0.6224560874554178 0.4
0.3493747084370493 0.03012060301507538 0.6205046885478753 0.4
0.35140703517587935 0.02942326944478977 0.6191696953793309 0.4
0.35392854222779424 0.025100502512562815 0.620970955259643 0.4
0.356427135678392 0.022073870313592668 0.6214989940080153 0.4
0.3591242395145625 0.020080402010050256 0.6207953584753872 0.4
0.3612403095086218 0.015060301507537689 0.6236993889838405 0.4
0.3614472361809046 0.014680561228922601 0.6238722025901728 0.4
0.36646733668341713 0.013205873432217866 0.620326789884365 0.4
0.3704067011023778 0.010040201005025126 0.6195530978925972 0.4
0.3714874371859297 0.009409448705502537 0.6191031141085678 0.4
0.3731450843241451 0.010040201005025125 0.6168147146708298 0.4
0.37650753768844225 0.012592435444200238 0.6109000268673576 0.4
0.37725545538334604 0.010040201005025126 0.6127043436116288 0.4
0.37955730397835064 0.005020100502512563 0.6154225955191368 0.4
0.37787887068746057 0.0 0.6221211293125395 0.4
0.18574371859296485 0.11937290058902336 0.6948833808180117 0.4
0.18714497897888316 0.12048241206030152 0.6923726089608153 0.4
0.18574371859296485 0.12299365797045492 0.6912626234365802 0.4
0.18519885691105548 0.12048241206030152 0.694318731028643 0.4
0.18574371859296485 0.11937290058902336 0.6948833808180117 0.4
0.0 0.28258109498199163 0.7174189050180084 0.48
0.0023253122237073174 0.2861457286432161 0.7115289591330766 0.48
0.003073590137943986 0.2911658291457287 0.7057605807163274 0.48
0.005020100502512564 0.2957581734358306 0.6992217260616569 0.48
0.00763079790211376 0.29116582914572864 0.7012033729521576 0.48
0.010040201005025126 0.2886012755397742 0.7013585234552007 0.48
0.013578446876399931 0.2861457286432161 0.700275824480384 0.48
0.01506030150753769 0.28481695189723377 0.7001227465952286 0.48
0.020080402010050253 0.2848442862085623 0.6950753117813875 0.48
0.025100502512562815 0.2822875055891579 0.6926119918982794 0.48
0.02535037121752798 0.2811256281407035 0.6935240006417684 0.48
0.03012060301507538 0.2774623177953915 0.6924170791895332 0.48
0.03377970577247584 0.27610552763819096 0.6901147665893332 0.48
0.03514070351758794 0.2721216372045951 0.6927376592778169 0.48
0.040160804020100506 0.2715545375188129 0.6882846584610867 0.48
0.04204886283771565 0.2710854271356784 0.6868657100266059 0.48
0.04518090452261307 0.2686506291064921 0.6861684663708949 0.48
0.04960887166898062 0.26606532663316584 0.6843258016978535 0.48
0.05020100502512563 0.26590975523328764 0.6838892397415868 0.48
0.05259501143497204 0.26606532663316584 0.6813396619318621 0.48
0.055221105527638197 0.2662065321937113 0.6785723622786506 0.48
0.05530424749744215 0.26606532663316584 0.678630425869392 0.48
0.06024120603015076 0.2622968565153306 0.6774619374545188 0.48
0.06189570728283417 0.2610452261306533 0.6770590665865126 0.48
0.06526130653266332 0.2574256319576024 0.6773130615097344 0.48
0.06959636179854509 0.2560251256281407 0.6743785125733142 0.48
0.06970117886254518 0.25100502512562817 0.6792937960118266 0.48
0.07028140703517588 0.25033382287217215 0.6793847700926521 0.48
0.07147783040398818 0.25100502512562817 0.6775171444703837 0.48
0.07530150753768845 0.2517514955072738 0.6729469969550377 0.48
0.07751500456376154 0.25100502512562817 0.6714799703106102 0.48
0.07530150753768845 0.24748637268848445 0.677212119773827 0.48
0.07442861589111559 0.2459849246231156 0.6795864594857688 0.48
0.07530150753768845 0.24532700876638974 0.6793714836959217 0.48
0.08032160804020101 0.24302027447667607 0.6766581174831229 0.48
0.08347065445800972 0.24096482412060305 0.6755645214213872 0.48
0.08534170854271357 0.2389274930681099 0.6757307983891765 0.48
0.08806597789310316 0.23594472361809044 0.6759892984888063 0.48
0.09036180904522614 0.23120601415264608 0.6784321768021278 0.48
0.0953819095477387 0.23248376230386428 0.672134328148397 0.48
0.09748739014224242 0.23092462311557793 0.6715879867421797 0.48
0.09773099542511786 0.22590452261306534 0.6763644819618168 0.48
0.10040201005025126 0.22346475001809868 0.67613323993165 0.48
0.10358405491984249 0.22590452261306534 0.6705114224670922 0.48
0.10542211055276382 0.2273083771379653 0.6672695123092709 0.48
0.10693042600113273 0.22590452261306534 0.6671650513858018 0.48
0.11044221105527639 0.22170980603568274 0.6678479829090409 0.48
0.11281814309573682 0.22088442211055279 0.6662974347937104 0.48
0.11546231155778897 0.21948462852017997 0.665053059922031 0.48
0.12048241206030152 0.22007133686650363 0.6594462510731949 0.48
0.12550251256281408 0.21954131609209265 0.6549561713450933 0.48
0.12868536655685742 0.21586432160804025 0.6554503118351023 0.48
0.12892689811431998 0.21084422110552764 0.6602288807801524 0.48
0.13052261306532664 0.20819278807065256 0.6612845988640208 0.48
0.13273063757043907 0.21084422110552767 0.6564251413240332 0.48
0.1355427135678392 0.21226613261546462 0.6521911538166962 0.48
0.14056281407035176 0.21108444691765543 0.6483527390119928 0.48
0.14076351078560054 0.2108442211055277 0.6483922681088717 0.48
0.1410521121893695 0.20582412060301508 0.6531237672076153 0.48
0.14558291457286435 0.20174630862348886 0.6526707768036468 0.48
0.14809351055621395 0.20080402010050252 0.6511024693432834 0.48
0.1506030150753769 0.1968848964913106 0.6525120884333125 0.48
0.15252285603592708 0.19578391959798996 0.6516932243660829 0.48
0.15562311557788946 0.19381256972310723 0.6505643146990033 0.48
0.15827703190895515 0.1907638190954774 0.6509591489955675 0.48
0.16064321608040205 0.19010471125487594 0.649252072664722 0.48
0.16349437111500936 0.1907638190954774 0.6457418097895131 0.48
0.16566331658291458 0.19231823555931576 0.6420184478577697 0.48
0.16989880716584427 0.19076381909547738 0.6393373737386784 0.48
0.1703158373913681 0.18574371859296485 0.6439404440156671 0.48
0.17068341708542714 0.18536617380983744 0.6439504091047354 0.48
0.17469924790560545 0.18574371859296485 0.6395570335014298 0.48
0.1757035175879397 0.18616340316334576 0.6381330792487145 0.48
0.1807236180904523 0.18673546883849643 0.6325409130710512 0.48
0.1848794591792905 0.18574371859296485 0.6293768222277447 0.48
0.18200193277427962 0.1807236180904523 0.637274449135268 0.48
0.1807236180904523 0.17704719745049574 0.642229184459052 0.48
0.18017866758075782 0.17570351758793967 0.6441178148313025 0.48
0.1807236180904523 0.17520756492863188 0.6440688169809158 0.48
0.18155757625937555 0.1757035175879397 0.6427389061526848 0.48
0.18574371859296485 0.1776376620941666 0.6366186193128685 0.48
0.19068994869159198 0.1807236180904523 0.6285864332179558 0.48
0.1907638190954774 0.18086557808709638 0.6283706028174262 0.48
0.19106281430185854 0.1807236180904523 0.6282135676076892 0.48
0.19222687906633107 0.1757035175879397 0.6320696033457293 0.48
0.19578391959798996 0.17404291092017618 0.6301731694818338 0.48
0.20080402010050252 0.17164521050888829 0.6275507693906092 0.48
0.20157162516039917 0.17068341708542714 0.6277449577541737 0.48
0.20582412060301508 0.16573935498718306 0.6284365244098018 0.48
0.20606893383325225 0.16566331658291458 0.6282677495838332 0.48
0.21066951915812088 0.16064321608040202 0.6286872647614771 0.48
0.21084422110552767 0.16058866939017047 0.6285671095043018 0.48
0.21121123734933997 0.16064321608040202 0.628145546570258 0.48
0.21586432160804023 0.1617897002443544 0.6223459781476053 0.48
0.22088442211055276 0.16257401311815173 0.6165415647712955 0.48
0.22324757770635342 0.16064321608040202 0.6161092062132446 0.48
0.22590452261306534 0.1589811487271977 0.6151143286597369 0.48
0.22777281500019508 0.15562311557788946 0.6166040694219155 0.48
0.2309246231155779 0.15237547516439578 0.6166999017200263 0.48
0.23408581931159012 0.15060301507537693 0.615311165613033 0.48
0.23404725778390673 0.14558291457286435 0.6203698276432289 0.48
0.23594472361809046 0.1443727997039979 0.6196824766779117 0.48
0.24096482412060305 0.1430193295417252 0.6160158463376717 0.48
0.2459849246231156 0.1419318648014524 0.612083210575432 0.48
0.25042091679690676 0.14056281407035176 0.6090162691327415 0.48
0.25100502512562817 0.14023326284104456 0.6087617120333273 0.48
0.25428387014577375 0.14056281407035176 0.6051533157838745 0.48
0.2560251256281407 0.14074687668030503 0.6032279976915542 0.48
0.2564913071049867 0.14056281407035176 0.6029458788246616 0.48
0.25657507834623844 0.1355427135678392 0.6078822080859224 0.48
0.2610452261306533 0.13187178978425637 0.6070829840850903 0.48
0.26606532663316584 0.13165490194954466 0.6022797714172895 0.48
0.268930358455027 0.13052261306532664 0.6005470284796464 0.48
0.2698158819447145 0.12550251256281408 0.6046816054924714 0.48
0.27035657070358005 0.12048241206030152 0.6091610172361185 0.48
0.2710854271356784 0.11994263327757652 0.6089719395867451 0.48
0.27610552763819096 0.11775671969496296 0.6061377526668461 0.48
0.2811256281407035 0.11850049673799681 0.6003738751212997 0.48
0.2861457286432161 0.11671850230683478 0.5971357690499491 0.48
0.29116582914572864 0.11600014782478232 0.5928340230294891 0.48
0.2920613434766302 0.11546231155778895 0.5924763449655809 0.48
0.29618592964824125 0.11140898925854664 0.5924050810932122 0.48
0.29751516204266665 0.11044221105527639 0.592042626902057 0.48
0.3012060301507538 0.10724146637186752 0.5915525034773788 0.48
0.3018605160673364 0.10542211055276383 0.5927173733798997 0.48
0.30622613065326637 0.10202252961082922 0.5917513397359044 0.48
0.31081342083291413 0.10542211055276383 0.5837644686143221 0.48
0.31124623115577893 0.10589503322210389 0.5828587356221172 0.48
0.3119646433665567 0.10542211055276383 0.5826132460806794 0.48
0.3123494738751553 0.10040201005025126 0.5872485160745934 0.48
0.3162663316582915 0.09653279311036007 0.5872008752313485 0.48
0.32128643216080405 0.09565386060007126 0.5830597072391247 0.48
0.32175033089683086 0.0953819095477387 0.5828677595554305 0.48
0.3253806901667709 0.09036180904522614 0.584257500788003 0.48
0.3263065326633166 0.0896980361457668 0.5839954311909167 0.48
0.33013373197032186 0.08534170854271356 0.5845245594869646 0.48
0.3313266331658291 0.08452241642262243 0.5841509504115485 0.48
0.3363467336683417 0.08201483189663249 0.5816384344350258 0.48
0.3413668341708543 0.08225963718864496 0.5763735286405008 0.48
0.34300370352068354 0.08032160804020101 0.5766746884391154 0.48
0.3453080288843357 0.07530150753768845 0.5793904635779757 0.48
0.34638693467336684 0.07298048291278623 0.580632582413847 0.48
0.34783551221285425 0.07530150753768845 0.5768629802494573 0.48
0.3514070351758794 0.07688279222733264 0.571710172596788 0.48
0.3530927779757686 0.07530150753768845 0.5716057144865428 0.48
0.356427135678392 0.07173316065099421 0.5718397036706138 0.48
0.3581838368011674 0.07028140703517588 0.5715347561636568 0.48
0.3614472361809046 0.067142298484563 0.5714104653345324 0.48
0.36573545626271414 0.06526130653266332 0.5690032372046225 0.48
0.36646733668341713 0.06492085662736656 0.5686118066892163 0.48
0.3685297280335358 0.06024120603015076 0.5712290659363135 0.48
0.37132462107068603 0.055221105527638197 0.5734542734016759 0.48
0.3714874371859297 0.055038652267110556 0.5734739105469597 0.48
0.3717612641814943 0.05522110552763819 0.5730176302908676 0.48
0.3759332143118784 0.06024120603015076 0.5638255796579708 0.48
0.37650753768844225 0.06136911476362464 0.5621233475479331 0.48
0.38058435099183696 0.06024120603015076 0.5591744429780123 0.48
0.37909821433658053 0.05522110552763819 0.5656806801357813 0.48
0.3815276381909548 0.05369715120631684 0.5647752106027284 0.48
0.3865477386934674 0.05466996649930424 0.5587822948072283 0.48
0.3900307303604962 0.05020100502512563 0.5597682646143782 0.48
0.38864934554625563 0.04518090452261307 0.5661697499311313 0.48
0.3915678391959799 0.04150680715463729 0.5669253536493828 0.48
0.39443494578941574 0.04518090452261307 0.5603841496879712 0.48
0.3965879396984925 0.04869736080991241 0.5547146994915951 0.48
0.4011771306042928 0.04518090452261307 0.5536419648730941 0.48
0.40160804020100505 0.04320623789841424 0.5551857219005807 0.48
